[tree_AspenSapling,-159.8,651.0,49.7]
nodetype=tree_AspenSapling
x=-159.80062866211
map=17
z=49.684749603271
y=650.97186279297
meta=286709C;609E7FC0;42;3F800000;3F800000;408ED607!!5B265F70 0 286709C 4 30230 8 CC8B61E0 C 7E72A7B0 10 609E7FC0 14 FFFFFFFF 18 5B266060 1C 0 20 8F0 24 2D72 28 EC01 2C 4 30 39ED0740 34 5E0C2880 38 3479B700 3C 0 40 39F1BD80 44 5E146180 48 34FEC480 4C 0 50 0 54 0 58 0 5C 7F7FFFEE 60 0 64 0 68 80000000 6C FFFFFFF1 70 0 74 8000 78 0 7C 5A8C76E0 80 1 84 1 88 1 8C 3F000000 90 0 94 0 98 3F800000 9C 0 A0 0 A4 FFFF2D5B A8 0 AC 80000000 B0 0 B4 0 B8 80000000 BC 0 C0 0 C4 80000000 C8 AE9D8570 CC 0 D0 3CD1 D4 0 D8 1030000 DC 0 E0 28DC794 E4 1FFFF E8 F05 EC 8000 F0 3F800000 F4 0 F8 0 FC 0 100 0 104 3F800000 108 0 10C 0 110 0 114 0 118 3F800000 11C 0 120 C31FCCF6 124 4422BE33 128 4246BD2F 12C 0 130 C31FCCF6 134 4422BE33 138 4246BD2F 13C 0 140 C31FCCF6 144 4422BE33 148 4246BD2F 14C 0 150 0 154 0 158 0 15C 3F800000 160 0 164 0 168 0 16C 3F800000 170 0 174 0 178 0 17C 0 180 0 184 0 188 0 18C 0 190 408ED607 194 3D4D0000 198 3F80 19C 1 1A0 0 1A4 0 1A8 0 1AC 0 1B0 0 1B4 0 1B8 0 1BC 0 1C0 0 1C4 0 1C8 0 1CC 0 1D0 0 1D4 0 1D8 0 1DC 0 1E0 0 1E4 0 1E8 0 1EC 0 1F0 0 1F4 0 1F8 0 1FC 3F800000 200 0 204 80000000 208 0 20C 80000000 210 0 214 0 218 0 21C 0 220 5B266190 224 5B266191 228 0 22C 0 230 5B2684A0 234 230 238 0 23C 0 240 AE7C8AC0 244 FFFFFFFF 248 5B266290 24C 0 250 8F0 254 2D76 258 EC01 25C F 260 394C7580 264 5F8A0900 268 35413C80 26C 0 270 394F7480 274 5F8D5080 278 35492280 27C 0 280 0 284 0 288 0 28C 7F7FFFEE 290 0 294 0 298 80000000 29C FFFFFFF1 2A0 0 2A4 8000 2A8 0 2AC 0 2B0 0 2B4 80000000 2B8 1 2BC 3F000000 2C0 0 2C4 0 2C8 3F800000 2CC 0 2D0 0 2D4 FFFFFFFF 2D8 0 2DC 80000000 2E0 0 2E4 0 2E8 80000000 2EC 0 2F0 0 2F4 80000000 2F8 0 2FC 0 300 3CBC 304 0 308 1030000 30C 0 310 28CCD8C 314 1FFFF 318 C0000F05 31C C000 320 BE4A4E98 
identifier=408ED607

