[mine_iron,201.4,-15.3,22.9]
z=22.915056228638
y=-15.281874656677
map=326
meta=27C9A3C;164EB310;1030000;41;3F800000;3F800000;401AE1BA!!472FC4C0 0 27C9A3C 4 30230 8 A0292680 C 6BF30140 10 164EB310 14 FFFFFFFF 18 472FC5B0 1C 0 20 8F0 24 3CB1 28 EC01 2C 4 30 4A5CE400 34 3F58D5C0 38 3399B780 3C 0 40 4A707700 44 3F76A500 48 33EB0E40 4C 0 50 0 54 0 58 0 5C 7F7FFFEE 60 0 64 0 68 80000000 6C FFFFFFF1 70 0 74 8000 78 0 7C 726258E0 80 1 84 1 88 1 8C 3F000000 90 0 94 0 98 3F800000 9C 0 A0 0 A4 FFFF3CAA A8 0 AC 80000000 B0 0 B4 0 B8 80000000 BC 0 C0 0 C4 80000000 C8 175F20F0 CC 0 D0 3CAB D4 0 D8 1030000 DC 0 E0 283F104 E4 1FFFF E8 80000F05 EC 0 F0 3F800000 F4 0 F8 0 FC 0 100 0 104 3F800000 108 0 10C 0 110 0 114 0 118 3F800000 11C 0 120 4349690A 124 C174828F 128 41B75209 12C 0 130 4349690A 134 C174828F 138 41B75209 13C 0 140 4349690A 144 C174828F 148 41B75209 14C 0 150 0 154 0 158 0 15C 3F800000 160 0 164 0 168 0 16C 3F800000 170 0 174 0 178 0 17C 0 180 0 184 0 188 0 18C 0 190 401AE1BA 194 3D4D0000 198 3F80 19C 1 1A0 0 1A4 0 1A8 0 1AC 0 1B0 0 1B4 0 1B8 0 1BC 0 1C0 0 1C4 0 1C8 0 1CC 0 1D0 0 1D4 0 1D8 0 1DC 0 1E0 0 1E4 0 1E8 0 1EC 0 1F0 0 1F4 0 1F8 0 1FC 3F800000 200 0 204 80000000 208 0 20C 80000000 210 0 214 0 218 0 21C 0 220 472FC6E0 224 472FC6E1 228 0 22C 0 230 27C9A3C 234 30230 238 A0292680 23C 6BF2EC40 240 2002B5D0 244 FFFFFFFF 248 472FC7E0 24C 0 250 8F0 254 3CAD 258 EC01 25C F 260 21236E80 264 5A8DB100 268 41A64300 26C 0 270 21264AC0 274 5A91B780 278 41AE1780 27C 0 280 0 284 0 288 0 28C 7F7FFFEE 290 0 294 0 298 80000000 29C FFFFFFF1 2A0 0 2A4 8000 2A8 0 2AC 7AC4FD40 2B0 1 2B4 1 2B8 1 2BC 3F000000 2C0 0 2C4 0 2C8 3F800000 2CC 0 2D0 0 2D4 FFFF3CA7 2D8 0 2DC 80000000 2E0 0 2E4 0 2E8 80000000 2EC 0 2F0 0 2F4 80000000 2F8 175F20F0 2FC 0 300 3CA7 304 0 308 1030000 30C 0 310 283F104 314 1FFFF 318 40000F05 31C C000 320 3F6E9302 
identifier=401AE1BA
x=201.41030883789
nodetype=mine_iron

